
56, 0
23, 1
433, 1
351, 0
6666, 0
31, 1
1, 0
325, 0
97, 1
89, 1
100000, 0
4523, 1
62, 0
9901, 1
7777, 1
8888, 0
2468, 0
24680, 0
13579, 1
86420, 0
53719, 1
27183, 1
61703, 1
89119, 1
98765, 1
76543, 1
12345, 0
67890, 0
54321, 0
9999, 1
8888, 0
7777, 1
6666, 0
5555, 1
4444, 0
3333, 1
2222, 0
1111, 1
99999, 1
88888, 0
77777, 1
66666, 0
55555, 1
44444, 0
33333, 1
22222, 0
11111, 1
12121, 1
23232, 0
34343, 1
45454, 0
56565, 1
67676, 0
78787, 1
89898, 0
91919, 1
92929, 0
93939, 1
94949, 0
95959, 1
96969, 0
97979, 1
98989, 0
99999, 1
10101, 1
20202, 0
30303, 1
40404, 0
50505, 1
60606, 0
70707, 1
80808, 0
90909, 1
19191, 1
28282, 0
37373, 1
46464, 0
55555, 1
64646, 0
73737, 1
82828, 0
91919, 1
12121, 1
23232, 0
34343, 1
45454, 0
56565, 1
67676, 0
78787, 1
89898, 0
91919, 1
92929, 0
93939, 1
94949, 0
95959, 1
96969, 0
97979, 1
98989, 0
99999, 1
10101, 1
20202, 0
30303, 1
40404, 0
50505, 1
60606, 0
70707, 1
80808, 0
90909, 1
19191, 1
28282, 0
37373, 1
46464, 0
55555, 1
64646, 0
73737, 1
82828, 0
91919, 1
12121, 1
23232, 0
34343, 1
45454, 0
56565, 1
67676, 0
78787, 1
89898, 0
91919, 1
92929, 0
93939, 1
94949, 0
95959, 1
96969, 0
97979, 1
98989, 0
99999, 1
10101, 1
20202, 0
30303, 1
40404, 0
50505, 1
60606, 0
70707, 1
80808, 0
90909, 1
19191, 1
28282, 0
37373, 1
46464, 0
55555, 1
64646, 0
73737, 1
82828, 0
91919, 1
12121, 1
23232, 0
34343, 1
45454, 0
56565, 1
67676, 0
78787, 1
89898, 0
91919, 1
92929, 0
93939, 1
94949, 0
95959, 1
96969, 0
97979, 1
98989, 0
99999, 1
10101, 1
20202, 0
30303, 1
40404, 0
50505, 1
60606, 0
70707, 1
80808, 0
90909, 1
19191, 1
28282, 0
37373, 1
46464, 0
55555, 1
64646, 0
73737, 1
82828, 0
91919, 1
12121, 1
23232, 0
34343, 1
45454, 0
56565, 1
67676, 0
78787, 1
89898, 0
91919, 1
92929, 0
93939, 1
94949, 0
95959, 1
96969, 0
97979, 1
98989, 0
99999, 1
10101, 1
20202, 0
30303, 1
40404, 0
50505, 1
60606, 0
70707, 1
80808, 0
90909, 1
19191, 1
28282, 0
37373, 1
46464, 0
55555, 1
64646, 0
73737, 1
82828, 0
91919, 1
12121, 1
23232, 0
34343, 1
45454, 0
56565, 1
67676, 0
78787, 1
89898, 0
91919, 1
92929, 0
93939, 1
94949, 0
95959, 1
96969, 0
97979, 1
98989, 0
99999, 1
10101, 1
20202, 0
30303, 1
40404, 0
50505, 1
60606, 0
70707, 1
80808, 0
90909, 1
19191, 1
28282, 0
37373, 1
46464, 0
55555, 1
64646, 0
73737, 1
82828, 0
91919, 1
12121, 1
23232, 0
34343, 1
45454, 0
56565, 1
67676, 0
78787, 1
89898, 0
91919, 1
92929, 0
93939, 1
94949, 0
95959, 1
96969, 0
97979, 1
98989, 0
99999, 1
10101, 1
20202, 0
30303, 1
40404, 0
50505, 1
60606, 0
70707, 1
80808, 0
90909, 1
19191, 1
28282, 0
37373, 1
46464, 0
55555, 1
64646, 0
73737, 1
82828, 0
91919, 1
12121, 1
23232, 0
34343, 1
45454, 0
56565, 1
67676, 0
78787, 1
89898, 0
91919, 1
92929, 0
93939, 1
94949, 0
95959, 1
96969, 0
97979, 1
98989, 0
99999, 1
10101, 1
20202, 0
30303, 1
40404, 0
50505, 1
60606, 0
70707, 1
80808, 0
90909, 1
19191, 1
28282, 0
37373, 1
46464, 0
55555, 1
64646, 0
73737, 1
82828, 0
91919, 1
12121, 1
23232, 0
34343, 1
45454, 0
56565, 1
67676, 0
78787, 1
89898, 0
91919, 1
92929, 0
93939, 1
94949, 0
95959, 1
96969, 0
97979, 1
98989, 0
99999, 1
10101, 1
20202, 0
30303, 1
40404, 0
50505, 1
60606, 0
70707, 1
80808, 0
90909, 1
19191, 1
28282, 0
37373, 1
46464, 0
55555, 1
64646, 0
73737, 1
82828, 0
91919, 1
12121, 1
23232, 0
34343, 1
45454, 0
56565, 1
67676, 0
78787, 1
89898, 0
91919, 1
92929, 0
93939, 1
94949, 0
95959, 1
96969, 0
97979, 1
98989, 0
99999, 1
10101, 1
20202, 0
30303, 1
40404, 0
50505, 1
60606, 0
70707, 1
80808, 0
90909, 1
19191, 1
28282, 0
37373, 1
46464, 0
55555, 1
64646, 0
73737, 1
82828, 0
91919, 1
12121, 1
23232, 0
34343, 1
45454, 0
56565, 1
67676, 0
78787, 1
89898, 0
91919, 1
92929, 0
93939, 1
94949, 0
95959, 1
96969, 0
97979, 1
98989, 0
99999, 1
10101, 1
20202, 0
30303, 1
40404, 0
50505, 1
60606, 0
70707, 1
80808, 0
90909, 1
19191, 1
28282, 0
37373, 1
46464, 0
55555, 1
64646, 0
73737, 1
82828, 0
91919, 1
12121, 1
23232, 0
34343, 1
45454, 0
56565, 1
67676, 0
78787, 1
89898, 0
91919, 1
92929, 0
93939, 1
94949, 0
95959, 1
96969, 0
97979, 1
98989, 0
99999, 1
10101, 1
20202, 0
30303, 1
40404, 0
50505, 1
60606, 0
70707, 1
80808, 0
90909, 1
19191, 1
28282, 0
37373, 1
46464, 0
55555, 1
64646, 0
73737, 1
82828, 0
91919, 1
12121, 1
23232, 0
34343, 1
45454, 0
56565, 1
67676, 0
78787, 1
89898, 0
91919, 1
92929, 0
93939, 1
94949, 0
95959, 1
96969, 0
97979, 1
98989, 0
99999, 1
10101, 1
20202, 0
30303, 1
40404, 0
50505, 1
60606, 0
70707, 1
80808, 0
90909, 1
19191, 1
28282, 0
37373, 1
46464, 0
55555, 1
64646, 0
73737, 1
82828, 0
91919, 1
12121, 1
23232, 0
34343, 1
45454, 0
56565, 1
67676, 0
78787, 1
89898, 0
91919, 1
92929, 0
93939, 1
94949, 0
95959, 1
96969, 0
97979, 1
98989, 0
99999, 1
10101, 1
20202, 0
30303, 1
40404, 0
50505, 1
60606, 0
70707, 1
80808, 0
90909, 1
19191, 1
28282, 0
37373, 1
46464, 0
55555, 1
64646, 0
73737, 1916940323, 0
31, 1
682984, 0
904, 0
3168824, 0
6141056, 0
274313, 0
6062, 0
7883398, 0
6, 0
491067679, 0
3125804, 0
21109125, 0
8695138, 0
92881, 0
943, 0
1, 0
3, 1
910, 0
5, 1
6264253, 0
899529, 0
4212510, 0
18227909, 0
84709, 0
84955424, 0
143876, 0
23, 1
36215334, 0
4872, 0
6337588, 0
54, 0
46, 0
3, 1
22129, 1
185702, 0
155242481, 0
861748506, 0
60488, 0
3548069, 0
78, 0
247999602, 0
682139, 0
26, 0
18, 0
394669056, 0
2519, 0
62, 0
880578017, 0
61469, 1
42, 0
308888395, 0
8401, 0
9, 0
6, 0
11, 1
690078, 0
2354, 0
6518908, 0
634, 0
996, 0
9951993, 0
304, 0
24124059, 0
27, 0
4272, 0
91, 0
8315097, 0
7337488, 0
794009080, 0
850519945, 0
9854, 0
5, 1
964632980, 0
5, 1
411, 0
557, 1
111, 0
90360429, 0
5582542, 0
63737, 1
8656, 0
216, 0
98215, 0
34411090, 0
138, 0
1598, 0
83231, 1
1695, 0
8, 0
1913411, 0
138097226, 0
16, 0
2042680, 0
56551375, 0
8063677, 0
581, 0
382956, 0
62309960, 0
352, 0
98092, 0
210376, 0
129690148, 0
346717, 0
2779, 0
5, 1
35168, 0
20, 0
987862084, 0
65838246, 0
13573348, 0
6, 0
3385393, 0
439859915, 0
52185, 0
195, 0
7008, 0
43024557, 0
6208184, 0
289, 0
50166403, 0
245, 0
758313941, 0
777, 0
880, 0
605, 0
864318049, 0
469249693, 0
112, 0
7914, 0
524759586, 0
68704472, 0
270, 0
8473029, 0
94446158, 0
72384559, 0
237738861, 0
99537560, 0
99551, 1
106, 0
61066, 0
457821642, 0
9, 0
5719639, 0
784059, 0
4609262, 0
643032368, 0
32, 0
684966547, 0
458280, 0
195071390, 0
128989840, 0
4, 0
262, 0
2694, 0
28609655, 0
666459, 0
3, 1
7300, 0
511012311, 0
52493, 0
6361981, 1
69380, 0
23184, 0
7972, 0
130457163, 0
724052, 0
960537801, 0
178735, 0
420, 0
8, 0
61705975, 0
5916, 0
8360, 0
967960, 0
1124, 0
326676, 0
23887, 1
3014662, 0
63624, 0
7200158, 0
626189671, 0
3095610, 0
1279, 1
514551, 0
6, 0
225, 0
77, 0
7661, 0
250305290, 0
4, 0
953, 1
2375, 0
8903594, 0
72062, 0
6232, 0
4, 0
8, 0
110, 0
212578547, 0
85452946, 0
681, 0
27, 0
104224, 0
6370547, 0
626, 0
691552835, 0
2, 1
65, 0
2896, 0
87, 0
702, 0
231527, 0
4464, 0
157518, 0
181791, 0
254335, 0
9503395, 0
10767, 0
475473647, 0
29137422, 0
388, 0
304827023, 0
85, 0
664, 0
674742614, 0
4, 0
98485, 0
5531, 1
66709081, 0
3445341, 0
9235305, 0
59230356, 0
621895191, 0
355309, 0
3178168, 0
535559691, 0
574, 0
66697, 1
6912, 0
9540566, 0
876740145, 0
3896, 0
62163128, 0
27556668, 0
7, 1
96363658, 0
974, 0
31792924, 0
393043179, 0
19245, 0
895352734, 0
826284650, 0
881935239, 0
38003, 0
4269322, 0
11, 1
4071470, 0
724543, 0
467566670, 0
88, 0
152, 0
63, 0
568026015, 0
794727, 0
8, 0
25, 0
455, 0
1, 0
3, 1
43334, 0
6874, 0
472930028, 0
412871292, 0
41796, 0
83, 1
5497, 0
14067, 0
688991, 0
42142497, 0
7, 1
89, 1
552107, 1
16533, 0
32217270, 0
42732460, 0
695, 0
6, 0
214821, 0
2, 1
146708524, 0
254181483, 0
82, 0
4461, 0
33396, 0
6, 0
9691200, 0
784, 0
862314, 0
688236942, 0
88978687, 0
993369, 0
8, 0
2776871, 1
7, 1
48797, 0
104, 0
97, 1
9618, 0
8106, 0
3, 1
7018457, 1
676392983, 0
249958, 0
87832099, 1
40708533, 0
893717455, 0
90048, 0
70443, 0
8, 0
34, 0
342, 0
59620435, 0
235404, 0
4630072, 0
5825910, 0
6102, 0
576853442, 0
7502780, 0
7, 1
7, 1
9082506, 0
673000, 0
10039, 1
76999, 0
663235, 0
50085508, 0
8, 0
821841, 0
4212, 0
68, 0
2018, 0
6890, 0
2445, 0
8395050, 0
431766459, 0
609, 0
8391352, 0
83544582, 0
62, 0
927730, 0
147764, 0
8607146, 0
914444, 0
53278, 0
9052281, 0
6562571, 1
911269674, 0
16, 0
9734977, 0
7, 1
4, 0
35, 0
53032194, 0
13, 1
694496, 0
74883, 0
504, 0
7655, 0
2, 1
193756864, 0
105814, 0
669935269, 0
743, 1
725758696, 0
680623, 1
6075, 0
8, 0
327, 0
247159656, 0
9112, 0
47, 1
713767571, 0
63776, 0
82711749, 0
82050, 0
4576, 0
4940, 0
680, 0
226850144, 0
7, 1
29897, 0
1163709, 0
566886, 0
7635, 0
8, 0
2431700, 0
576, 0
233766731, 0
70943842, 0
532672711, 0
773, 1
1968, 0
6542, 0
1708244, 0
388, 0
6, 0
9, 0
98606115, 0
718203, 0
251, 1
336, 0
5984, 0
725, 0
919711, 0
38355030, 0
847483, 0
474012922, 0
76091043, 0
9801, 0
746, 0
851882329, 1
6066450, 0
36, 0
22119, 0
55, 0
4, 0
57, 0
774, 0
8548, 0
9, 0
4933951, 0
48168, 0
315511401, 0
895436, 0
9708826, 0
48410, 0
8, 0
63, 0
932, 0
8, 0
5312100, 0
396415864, 0
3, 1
84423, 0
6611, 0
3634, 0
2572959, 0
448, 0
1426, 0
759398452, 0
687, 0
595031359, 0
68, 0
2, 1
4508268, 0
10, 0
9931, 1
32, 0
49350523, 1
874187, 0
939, 0
88994087, 0
125498086, 0
333858905, 0
9, 0
37594957, 1
97605182, 0
7, 1
88201, 0
75417703, 0
27349, 0
106825999, 0
22, 0
470641, 0
32128, 0
99, 0
6, 0
4835, 0
75, 0
59548, 0
3488966, 0
55, 0
581460785, 0
82452320, 0
5, 1
949438, 0
2652, 0
4, 0
21939696, 0
1, 0
510962, 0
98, 0
1255841, 0
5819, 0
510444, 0
43183228, 0
434825, 0
9, 0
8353419, 0

